000000000000000000000000000000000000000000000000000000000000000000000000000000000000000000000000000000
000000000000000000000000000000000000011110000000000000000000000000000000000000000000000000000000000000
000000000000000000000000000000000000010010000000000000000000000000000000000000000000000000000000000000
000000000000000000000000000000000000010010000000000000000000000000000000000000000000000000000000000000
000000000000000000000000000000000000010010000000000000000000000000000000000000000000000000000000000000
000000000000000000000000000000000000010010000000000000000000000000000011111111111111111111111111111100
000000000000000000000000000000000000010010000000000000000000000000001111000000000000000000000000000110
000111111111111111111111111111111100010011111111111111111111111111111100000000000000000000000000000010
000100000000000000000000000000000011110000000000000000000000000000000100000001111111111111111111100010
000100000000000000000000000000000000000000000000000000000000000000000100000001000000000000000000100010
000100000000000000000000000000000000000000000000000000000000000000000100000001000000000000000000100010
000100000000000000000000000000000000000000000000000000000000000000000100000001000000000000000000100010
000100000000000000000000000000000000000000000000000000000000000000000100000001000000000000000000100010
000100000000000000000000000000000000000000000000000000000000000000000100000001000000000000000000100010
000100000000000000000000000000000000000000000000000000000000000000000100000001000000000000000000100010
000100011111111111111111111000000000000000000000000000000000000000000110000001000000000000000000100010
000100010000000000000000001000000000000000000000000000000000000000000101100001000000000000000000100010
000100010000000000000000001000000000000000000000000000000000000000000100100001000000000000000000100010
000100010000000000000000001000000000000000000001111111111111111111100010100001111111111111111111100010
000100010000000000000000001000000000000000000001000000000000000000100001100000000000000000000000000010
000100010000000000000000001000000000000000000001000000000000000000100000100000000000000000000000000010
000100010000000000000000001000000000000000000001000000000000000000100000100000000000000000000000000110
000100010000000000000000001000000000000000000001000000000000000000100000100000000000000000000000001010
000100010000000000000000001000000000000000000001000000000000000000100000100000000000000000000011110010
000100010000000000000000001000000000000000000001000000000000000000100000100000000000000000000100000010
000100011111111111111111111000000000000000000001000000000000000000100000110000000000000000001000001110
000100000000000000000000000000000000000000000001000000000000000000100000101100000000000011110011111010
000100000000000000000000000000000000000000000001000000000000000000100000100110000000000100000010000010
000100000000000000000000000000000000000000000001111111111111111111100000010011000000001000001100000010
000100000000000000000000000000000000000000000000000000000000000000000000001000111001110001110000000010
000100000000000000000000000000000000000000000000000000000000000000000000000100001001000110000000000010
000100000000000000000000000000000000000000000000000000000000000000000000000010001001001000000000000010
000100000000000000000000000000000000000000000000000000000000000000000000000001001001010000000000000010
000100000011111111111111111111000000000000000000000000000000000000000000000000111001100000000000000010
000100000010000000000000000001000000000000000000000000000000000000000000000000000000000000000000000010
000100000010000000000000000001000000000000000000000000000000000000000000000000000000000000000000000010
000100000010000000000000000001000000000000000000000000000000000000000000000000000000000000000000000010
000100000010000000000000000001000000000000000000000000000000000000000000000000000000000000000000000010
000100000010000000000000000001000000000000000000000000011111111111111111111000000000000000000000000010
000100000010000000000000000001000000000000000000000000010000000000000000001000000000000000000000000010
000100000010000000000000000001000000000000000000000000010000000000000000001000000000000000000000000010
000100000010000000000000000001000000000000000000000000010000000000000000001000000000000000000000000010
000100000010000000000000000001000000000000000000000000010000000000000000001000000000000000000000000010
000100000010000000000000000001000000000000000000000000010000000000000000001000000000000000000000000010
000100000011111111111111111111000000000000000000000000010000000000000000001000000000000000000000000010
000100000000000000000000000000000000000000000000000000010000000000000000001000000000000000000000000010
000100000000000000000000000000000000000000000000000000010000000000000000001000000000000000000000000010
000100000000000000000000000000000000000000000000000000010000000000000000001000000000000000000000000010
000100000000000000000000000000000000000000000000000000011111111111111111111000000000000000000000000010
000100000000000000000000000000000000000000000000000000000000000000000000000000000000000000000000000010
000100000000000000000000000000000000000000000000000000000000000000000000000000000000000000000000000010
000100000000000000000000000000000000000000000000000000000000000000000000000000000000000000000000000010
000100000000000000000000000000000000000000000000000000000000000000000000000000000000000000000000000010
000100000000000000000000000000000000000000000000000000000000000000000000000000011111111111111111111010
000100000000000000000000000000000000000000000000000000000000000000000000000000010000000000000000001010
000100111111111111111111111111111111111111111111110000000000000000000000000000010000000000000000001010
000100100000000000000000000000000000000000000000010000000000000000000000000000010000000000000000001010
000100100000000000000000000000000000000000000000010000000000111111111111000000010000000000000000001010
000100100000000000000000000000000000000000000000010000000000000000000001000000010000000000000000001010
000100100000000000000000000000000000000000000000010000000000000000000001000000010000000000000000001010
000100100000000000000000000000000000000000000000010000000000100000000001000000010000000000000000001010
000100100000000000000000000000000000000000000000010000000000100000000001000000010000000000000000001010
000100100000000000000000000000000000000000000000010000000000100000000001000000010000000000000000001010
000100100000000000000000000000000000000000000000010000000000100000000001000000011111111111111111111010
000100100000000000000000000000000000000000000000010000000000100000000001000000000000000000000000000010
000100100000000000000000000000000000000000000000010000000000100000000001000000000000000000000000000010
000100100000000000000000000000000000000000000000010000000000100000000001000000000000000000000000000010
000100100000000000000000000000000000000000000000010000000000111111111111000000000000000000000000000010
000100100000000000000000000000000000000000000000010000000000000000000000000000000000000000000000000010
000100111111111111111111111111111111111111111111110000000000000000000000000000000000000000000000000010
000100000000000000000000000000000000000000000000000000000000000000000000000000000000000000000000000010
000100000000000000000000000000000000000000000000000000000000000000000000000000000000000000000000000010
000100000000000000000000000000000000000000000000000000000000000000000000000011111111111111111111111110
000100000000000000000000000000000000000000000000000000000000000000000000000010000000000000000000000000
000100000000000000000000000000000000000000000000000000000000000000000000000010000000000000000000000000
000100000000000000000000000000000000000000000000000000000000000000000000000010000000000000000000000000
000100000000000000000000000000000000000000000000000000000000000000000000000010000000000000000000000000
000100000000000000000000000000000000000000000000000000000000000000000000000010000000000000000000000000
000100000000000000000000000000000000000000000000000000000000000000000000000010000000000000000000000000
000100000000000000000000000000000000000000000000000000000000000000000000000010000000000000000000000000
000100000000000000000000000000000000000000000000000000000000000000000000000010000000000000000000000000
000100100000000000000000000000000000010010000000000000000000000000000000100010000000000000000000000000
000100111111111111111111111111111111110011111111111111111111111111111111100010000000000000000000000000
000100100000000000000000000000000000010010000000000000000000000000000000100010000000000000000000000000
000100100000000000000000000000000000011110000000000000000000000000000000111110000000000000000000000000
000100100000000000000000000000000000000000000000000000000000000000000000000000000000000000000000000000
000100100000000000000000000000000000000000000000000000000000000000000000000000000000000000000000000000
000111100000000000000000000000000000000000000000000000000000000000000000000000000000000000000000000000
000000000000000000000000000000000000000000000000000000000000000000000000000000000000000000000000000000
